Site	Vegetation	Y	PC1	PC2	PC3	A	B	C
ALS	Forests	1.326466422	1.11194	-1.48152	-1.46037	493.7700081	4.53940022	21.786667
ALS	Forests	1.346478949	1.11194	-1.48152	-1.46037	493.7700081	4.53940022	21.786667
ALS	Forests	1.351412731	1.11194	-1.48152	-1.46037	493.7700081	4.53940022	21.786667
ALS	Forests	1.356626778	1.11194	-1.48152	-1.46037	493.7700081	4.53940022	21.786667
BNF	Forests	1.261710416	2.53803	-1.93053	0.24567	960.8600159	3.187210641	24.39666691
BNF	Forests	1.3153196	2.53803	-1.93053	0.24567	960.8600159	3.187210641	24.39666691
BNF	Forests	1.315338108	2.53803	-1.93053	0.24567	960.8600159	3.187210641	24.39666691
BNF	Forests	1.317413625	2.53803	-1.93053	0.24567	960.8600159	3.187210641	24.39666691
CB	Forests	1.428126563	-0.24905	0.55157	1.2347	421.9900063	13.64661947	17.81000036
CB	Forests	1.439762752	-0.24905	0.55157	1.2347	421.9900063	13.64661947	17.81000036
CB	Forests	1.443490831	-0.24905	0.55157	1.2347	421.9900063	13.64661947	17.81000036
CB	Forests	1.484497172	-0.24905	0.55157	1.2347	421.9900063	13.64661947	17.81000036
DH	Forests	1.41039138	2.72969	-0.16662	0.38771	791.2600182	5.750441089	28.90333379
DH	Forests	1.430636473	2.72969	-0.16662	0.38771	791.2600182	5.750441089	28.90333379
DH	Forests	1.444104645	2.72969	-0.16662	0.38771	791.2600182	5.750441089	28.90333379
DH	Forests	1.453078699	2.72969	-0.16662	0.38771	791.2600182	5.750441089	28.90333379
DJY	Forests	1.321845563	0.78781	-0.67952	-0.71412	462.1300079	6.747642561	19.34333363
DJY	Forests	1.324192685	0.78781	-0.67952	-0.71412	462.1300079	6.747642561	19.34333363
DJY	Forests	1.325605388	0.78781	-0.67952	-0.71412	462.1300079	6.747642561	19.34333363
DJY	Forests	1.340960081	0.78781	-0.67952	-0.71412	462.1300079	6.747642561	19.34333363
DL	Forests	1.377233132	-0.04752	0.38941	-0.48487	314.5300049	11.47397244	21.45666714
DL	Forests	1.381904603	-0.04752	0.38941	-0.48487	314.5300049	11.47397244	21.45666714
DL	Forests	1.38295941	-0.04752	0.38941	-0.48487	314.5300049	11.47397244	21.45666714
DL	Forests	1.385588348	-0.04752	0.38941	-0.48487	314.5300049	11.47397244	21.45666714
GH	Forests	1.422587289	-1.11297	0.74471	2.14858	330.3100056	16.68934397	14.84333344
GH	Forests	1.45385662	-1.11297	0.74471	2.14858	330.3100056	16.68934397	14.84333344
GH	Forests	1.4940861	-1.11297	0.74471	2.14858	330.3100056	16.68934397	14.84333344
GH	Forests	1.516257517	-1.11297	0.74471	2.14858	330.3100056	16.68934397	14.84333344
GTS	Forests	1.333226316	3.0984	0.20388	3.91011	799.2700165	8.290322007	26.51000055
GTS	Forests	1.336436282	3.0984	0.20388	3.91011	799.2700165	8.290322007	26.51000055
GTS	Forests	1.339131949	3.0984	0.20388	3.91011	799.2700165	8.290322007	26.51000055
GTS	Forests	1.342986787	3.0984	0.20388	3.91011	799.2700165	8.290322007	26.51000055
HJ	Forests	1.313003424	2.33838	-0.02978	0.22771	687.1800129	6.505290894	27.61666718
HJ	Forests	1.330197504	2.33838	-0.02978	0.22771	687.1800129	6.505290894	27.61666718
HJ	Forests	1.337800226	2.33838	-0.02978	0.22771	687.1800129	6.505290894	27.61666718
HJ	Forests	1.339152427	2.33838	-0.02978	0.22771	687.1800129	6.505290894	27.61666718
HL	Forests	1.350475858	1.5002	0.01744	-0.23915	509.67001	7.382890777	23.04333363
HL	Forests	1.364265155	1.5002	0.01744	-0.23915	509.67001	7.382890777	23.04333363
HL	Forests	1.371991438	1.5002	0.01744	-0.23915	509.67001	7.382890777	23.04333363
HL	Forests	1.400823116	1.5002	0.01744	-0.23915	509.67001	7.382890777	23.04333363
HPS	Forests	1.425332206	1.65633	0.0703	0.56138	613.9300117	7.967713451	23.29333394
HPS	Forests	1.427309964	1.65633	0.0703	0.56138	613.9300117	7.967713451	23.29333394
HPS	Forests	1.470788041	1.65633	0.0703	0.56138	613.9300117	7.967713451	23.29333394
HPS	Forests	1.517844823	1.65633	0.0703	0.56138	613.9300117	7.967713451	23.29333394
HZ	Forests	1.564610616	-1.10775	0.80055	2.23306	334.2900063	16.97424998	14.80666682
HZ	Forests	1.569855767	-1.10775	0.80055	2.23306	334.2900063	16.97424998	14.80666682
HZ	Forests	1.605325181	-1.10775	0.80055	2.23306	334.2900063	16.97424998	14.80666682
HZ	Forests	1.608889735	-1.10775	0.80055	2.23306	334.2900063	16.97424998	14.80666682
JF	Forests	1.327026496	2.29187	-0.9618	-1.84868	620.180011	3.414869371	25.56666705
JF	Forests	1.337736748	2.29187	-0.9618	-1.84868	620.180011	3.414869371	25.56666705
JF	Forests	1.349638355	2.29187	-0.9618	-1.84868	620.180011	3.414869371	25.56666705
JH	Forests	1.384551724	-0.18394	0.80686	1.00163	419.9300087	13.99231251	19.89333369
JH	Forests	1.385722363	-0.18394	0.80686	1.00163	419.9300087	13.99231251	19.89333369
JH	Forests	1.424522828	-0.18394	0.80686	1.00163	419.9300087	13.99231251	19.89333369
JH	Forests	1.493134309	-0.18394	0.80686	1.00163	419.9300087	13.99231251	19.89333369
JL	Forests	1.355192867	2.68766	-0.40882	1.97016	678.6300079	6.539452573	19.79000034
JL	Forests	1.357216444	2.68766	-0.40882	1.97016	678.6300079	6.539452573	19.79000034
JL	Forests	1.468404184	2.68766	-0.40882	1.97016	678.6300079	6.539452573	19.79000034
JYS	Forests	1.379074026	1.70621	0.56091	-1.20381	498.3600071	7.429892843	27.98000043
JYS	Forests	1.385778653	1.70621	0.56091	-1.20381	498.3600071	7.429892843	27.98000043
JYS	Forests	1.394483499	1.70621	0.56091	-1.20381	498.3600071	7.429892843	27.98000043
JYS	Forests	1.398931182	1.70621	0.56091	-1.20381	498.3600071	7.429892843	27.98000043
LS	Forests	1.640411697	-0.4251	0.98631	1.68776	464.2600075	15.60012501	18.47000027
LS	Forests	1.655062711	-0.4251	0.98631	1.68776	464.2600075	15.60012501	18.47000027
LS	Forests	1.670357007	-0.4251	0.98631	1.68776	464.2600075	15.60012501	18.47000027
LS	Forests	1.671238004	-0.4251	0.98631	1.68776	464.2600075	15.60012501	18.47000027
LW	Forests	1.348369001	0.01834	1.0662	1.08004	444.5500107	14.27307921	22.02666696
LW	Forests	1.469125723	0.01834	1.0662	1.08004	444.5500107	14.27307921	22.02666696
LW	Forests	1.573290562	0.01834	1.0662	1.08004	444.5500107	14.27307921	22.02666696
LW	Forests	1.577248326	0.01834	1.0662	1.08004	444.5500107	14.27307921	22.02666696
MES	Forests	1.445952841	-0.18601	1.06363	1.27396	447.8800064	14.96168803	20.58666719
MES	Forests	1.476034331	-0.18601	1.06363	1.27396	447.8800064	14.96168803	20.58666719
MES	Forests	1.551875946	-0.18601	1.06363	1.27396	447.8800064	14.96168803	20.58666719
MES	Forests	1.569578223	-0.18601	1.06363	1.27396	447.8800064	14.96168803	20.58666719
MH	Forests	1.566625752	-1.11897	1.02885	1.89086	287.0800053	17.36931824	16.436667
MH	Forests	1.568314579	-1.11897	1.02885	1.89086	287.0800053	17.36931824	16.436667
MH	Forests	1.570263434	-1.11897	1.02885	1.89086	287.0800053	17.36931824	16.436667
MH	Forests	1.573558222	-1.11897	1.02885	1.89086	287.0800053	17.36931824	16.436667
QY	Forests	1.315832369	0.10428	0.87309	0.88051	458.0600098	13.48970403	22.06666698
QY	Forests	1.385079207	0.10428	0.87309	0.88051	458.0600098	13.48970403	22.06666698
QY	Forests	1.389242704	0.10428	0.87309	0.88051	458.0600098	13.48970403	22.06666698
QY	Forests	1.422228173	0.10428	0.87309	0.88051	458.0600098	13.48970403	22.06666698
SN	Forests	1.36591193	1.24118	0.02334	-0.30098	488.7600048	7.919783739	22.536667
SN	Forests	1.389391868	1.24118	0.02334	-0.30098	488.7600048	7.919783739	22.536667
SN	Forests	1.390973493	1.24118	0.02334	-0.30098	488.7600048	7.919783739	22.536667
TBS	Forests	1.361243405	0.87614	0.21031	-1.39312	381.7000051	8.302651907	24.18000031
TBS	Forests	1.364980278	0.87614	0.21031	-1.39312	381.7000051	8.302651907	24.18000031
TBS	Forests	1.365235109	0.87614	0.21031	-1.39312	381.7000051	8.302651907	24.18000031
TBS	Forests	1.369117247	0.87614	0.21031	-1.39312	381.7000051	8.302651907	24.18000031
TLS	Forests	1.33984922	1.66338	-0.57598	-0.08143	667.3900124	6.277952101	22.76000036
TLS	Forests	1.347196935	1.66338	-0.57598	-0.08143	667.3900124	6.277952101	22.76000036
TLS	Forests	1.362542026	1.66338	-0.57598	-0.08143	667.3900124	6.277952101	22.76000036
TLS	Forests	1.368963381	1.66338	-0.57598	-0.08143	667.3900124	6.277952101	22.76000036
TS	Forests	1.440014399	0.74271	0.70253	-1.12707	420.4000046	10.33684913	27.3066672
TS	Forests	1.459864179	0.74271	0.70253	-1.12707	420.4000046	10.33684913	27.3066672
TS	Forests	1.465717775	0.74271	0.70253	-1.12707	420.4000046	10.33684913	27.3066672
TS	Forests	1.50130383	0.74271	0.70253	-1.12707	420.4000046	10.33684913	27.3066672
TTS	Forests	1.366139416	2.68477	0.4809	2.17171	577.6900141	8.039657609	27.10333366
TTS	Forests	1.37800055	2.68477	0.4809	2.17171	577.6900141	8.039657609	27.10333366
TTS	Forests	1.405237007	2.68477	0.4809	2.17171	577.6900141	8.039657609	27.10333366
TY	Forests	1.456401348	0.26982	-0.03473	-0.20471	389.7700089	9.894471956	19.95000038
TY	Forests	1.464845408	0.26982	-0.03473	-0.20471	389.7700089	9.894471956	19.95000038
TY	Forests	1.472092596	0.26982	-0.03473	-0.20471	389.7700089	9.894471956	19.95000038
TY	Forests	1.502615702	0.26982	-0.03473	-0.20471	389.7700089	9.894471956	19.95000038
WLS	Forests	1.356526789	0.04763	0.55241	-0.50606	368.5000082	11.77998821	23.04000041
WLS	Forests	1.366177479	0.04763	0.55241	-0.50606	368.5000082	11.77998821	23.04000041
WLS	Forests	1.381781799	0.04763	0.55241	-0.50606	368.5000082	11.77998821	23.04000041
WLS	Forests	1.492617996	0.04763	0.55241	-0.50606	368.5000082	11.77998821	23.04000041
HT01	Grasslands	1.357757825	0.40417	0.159	-0.64299	387.2700069	9.85382777	22.24333382
HT01	Grasslands	1.362241584	0.40417	0.159	-0.64299	387.2700069	9.85382777	22.24333382
HT01	Grasslands	1.385865257	0.40417	0.159	-0.64299	387.2700069	9.85382777	22.24333382
HT01	Grasslands	1.407692183	0.40417	0.159	-0.64299	387.2700069	9.85382777	22.24333382
HT01	Grasslands	1.483633108	0.40417	0.159	-0.64299	387.2700069	9.85382777	22.24333382
HT01	Grasslands	1.492918344	0.40417	0.159	-0.64299	387.2700069	9.85382777	22.24333382
HT01	Grasslands	1.507724529	0.40417	0.159	-0.64299	387.2700069	9.85382777	22.24333382
HT01	Grasslands	1.536501449	0.40417	0.159	-0.64299	387.2700069	9.85382777	22.24333382
HT02	Grasslands	1.417979319	0.47658	0.2324	-0.73493	361.7400057	9.745010164	22.72000033
HT02	Grasslands	1.436246236	0.47658	0.2324	-0.73493	361.7400057	9.745010164	22.72000033
HT02	Grasslands	1.460292809	0.47658	0.2324	-0.73493	361.7400057	9.745010164	22.72000033
HT02	Grasslands	1.472907316	0.47658	0.2324	-0.73493	361.7400057	9.745010164	22.72000033
HT02	Grasslands	1.485573688	0.47658	0.2324	-0.73493	361.7400057	9.745010164	22.72000033
HT02	Grasslands	1.5073421	0.47658	0.2324	-0.73493	361.7400057	9.745010164	22.72000033
HT02	Grasslands	1.53301219	0.47658	0.2324	-0.73493	361.7400057	9.745010164	22.72000033
HT02	Grasslands	1.538214679	0.47658	0.2324	-0.73493	361.7400057	9.745010164	22.72000033
HT03	Grasslands	1.388077235	0.46403	0.33358	-0.95085	336.9100042	9.87061628	23.76333364
HT03	Grasslands	1.392437475	0.46403	0.33358	-0.95085	336.9100042	9.87061628	23.76333364
HT03	Grasslands	1.399720944	0.46403	0.33358	-0.95085	336.9100042	9.87061628	23.76333364
HT03	Grasslands	1.400731052	0.46403	0.33358	-0.95085	336.9100042	9.87061628	23.76333364
HT03	Grasslands	1.426520385	0.46403	0.33358	-0.95085	336.9100042	9.87061628	23.76333364
HT03	Grasslands	1.436703047	0.46403	0.33358	-0.95085	336.9100042	9.87061628	23.76333364
HT03	Grasslands	1.458981872	0.46403	0.33358	-0.95085	336.9100042	9.87061628	23.76333364
HT03	Grasslands	1.496878171	0.46403	0.33358	-0.95085	336.9100042	9.87061628	23.76333364
HT04	Grasslands	1.361183256	0.3622	0.32845	-0.88716	336.8200071	10.06056798	23.43666706
HT04	Grasslands	1.395606547	0.3622	0.32845	-0.88716	336.8200071	10.06056798	23.43666706
HT04	Grasslands	1.405179834	0.3622	0.32845	-0.88716	336.8200071	10.06056798	23.43666706
HT04	Grasslands	1.408993749	0.3622	0.32845	-0.88716	336.8200071	10.06056798	23.43666706
HT04	Grasslands	1.428383335	0.3622	0.32845	-0.88716	336.8200071	10.06056798	23.43666706
HT04	Grasslands	1.438557101	0.3622	0.32845	-0.88716	336.8200071	10.06056798	23.43666706
HT04	Grasslands	1.444476063	0.3622	0.32845	-0.88716	336.8200071	10.06056798	23.43666706
HT04	Grasslands	1.478586088	0.3622	0.32845	-0.88716	336.8200071	10.06056798	23.43666706
HT05	Grasslands	1.336322537	0.18576	0.19265	-0.71045	324.8400053	10.10022141	21.64000022
HT05	Grasslands	1.353114083	0.18576	0.19265	-0.71045	324.8400053	10.10022141	21.64000022
HT05	Grasslands	1.392459831	0.18576	0.19265	-0.71045	324.8400053	10.10022141	21.64000022
HT05	Grasslands	1.39671305	0.18576	0.19265	-0.71045	324.8400053	10.10022141	21.64000022
HT05	Grasslands	1.402500209	0.18576	0.19265	-0.71045	324.8400053	10.10022141	21.64000022
HT05	Grasslands	1.426700289	0.18576	0.19265	-0.71045	324.8400053	10.10022141	21.64000022
HT05	Grasslands	1.440909681	0.18576	0.19265	-0.71045	324.8400053	10.10022141	21.64000022
HT05	Grasslands	1.482584425	0.18576	0.19265	-0.71045	324.8400053	10.10022141	21.64000022
HT06	Grasslands	1.412441823	0.04407	0.14139	-0.91165	253.8700052	9.982528424	20.54333382
HT06	Grasslands	1.432466384	0.04407	0.14139	-0.91165	253.8700052	9.982528424	20.54333382
HT06	Grasslands	1.446575181	0.04407	0.14139	-0.91165	253.8700052	9.982528424	20.54333382
HT06	Grasslands	1.447618158	0.04407	0.14139	-0.91165	253.8700052	9.982528424	20.54333382
HT06	Grasslands	1.453835575	0.04407	0.14139	-0.91165	253.8700052	9.982528424	20.54333382
HT06	Grasslands	1.469124375	0.04407	0.14139	-0.91165	253.8700052	9.982528424	20.54333382
HT06	Grasslands	1.509568382	0.04407	0.14139	-0.91165	253.8700052	9.982528424	20.54333382
HT06	Grasslands	1.517061276	0.04407	0.14139	-0.91165	253.8700052	9.982528424	20.54333382
HT07	Grasslands	1.413886818	-0.19898	0.39996	-1.18134	171.7200037	10.82958635	21.58666706
HT07	Grasslands	1.425002393	-0.19898	0.39996	-1.18134	171.7200037	10.82958635	21.58666706
HT07	Grasslands	1.432628195	-0.19898	0.39996	-1.18134	171.7200037	10.82958635	21.58666706
HT07	Grasslands	1.451198612	-0.19898	0.39996	-1.18134	171.7200037	10.82958635	21.58666706
HT07	Grasslands	1.456945645	-0.19898	0.39996	-1.18134	171.7200037	10.82958635	21.58666706
HT07	Grasslands	1.463676303	-0.19898	0.39996	-1.18134	171.7200037	10.82958635	21.58666706
HT07	Grasslands	1.472879703	-0.19898	0.39996	-1.18134	171.7200037	10.82958635	21.58666706
HT07	Grasslands	1.534842272	-0.19898	0.39996	-1.18134	171.7200037	10.82958635	21.58666706
HT08	Grasslands	1.471265648	-0.18159	0.34509	-1.47005	141.660002	10.37969225	21.72333361
HT08	Grasslands	1.492633313	-0.18159	0.34509	-1.47005	141.660002	10.37969225	21.72333361
HT08	Grasslands	1.494065903	-0.18159	0.34509	-1.47005	141.660002	10.37969225	21.72333361
HT08	Grasslands	1.494419772	-0.18159	0.34509	-1.47005	141.660002	10.37969225	21.72333361
HT08	Grasslands	1.497874053	-0.18159	0.34509	-1.47005	141.660002	10.37969225	21.72333361
HT08	Grasslands	1.49909293	-0.18159	0.34509	-1.47005	141.660002	10.37969225	21.72333361
HT08	Grasslands	1.500460806	-0.18159	0.34509	-1.47005	141.660002	10.37969225	21.72333361
HT08	Grasslands	1.501724639	-0.18159	0.34509	-1.47005	141.660002	10.37969225	21.72333361
HT09	Grasslands	1.406522079	-0.27376	0.26855	-1.43559	127.9000026	10.36657594	20.87666702
HT09	Grasslands	1.480591207	-0.27376	0.26855	-1.43559	127.9000026	10.36657594	20.87666702
HT09	Grasslands	1.482659606	-0.27376	0.26855	-1.43559	127.9000026	10.36657594	20.87666702
HT09	Grasslands	1.484848219	-0.27376	0.26855	-1.43559	127.9000026	10.36657594	20.87666702
HT09	Grasslands	1.49484276	-0.27376	0.26855	-1.43559	127.9000026	10.36657594	20.87666702
HT09	Grasslands	1.509657564	-0.27376	0.26855	-1.43559	127.9000026	10.36657594	20.87666702
HT09	Grasslands	1.510743025	-0.27376	0.26855	-1.43559	127.9000026	10.36657594	20.87666702
HT09	Grasslands	1.524863251	-0.27376	0.26855	-1.43559	127.9000026	10.36657594	20.87666702
HT10	Grasslands	1.458410138	-0.27405	0.29259	-1.48552	122.8000025	10.3943712	21.17666721
HT10	Grasslands	1.46493882	-0.27405	0.29259	-1.48552	122.8000025	10.3943712	21.17666721
HT10	Grasslands	1.465239928	-0.27405	0.29259	-1.48552	122.8000025	10.3943712	21.17666721
HT10	Grasslands	1.468343358	-0.27405	0.29259	-1.48552	122.8000025	10.3943712	21.17666721
HT10	Grasslands	1.470614022	-0.27405	0.29259	-1.48552	122.8000025	10.3943712	21.17666721
HT10	Grasslands	1.470892993	-0.27405	0.29259	-1.48552	122.8000025	10.3943712	21.17666721
HT10	Grasslands	1.472764479	-0.27405	0.29259	-1.48552	122.8000025	10.3943712	21.17666721
HT10	Grasslands	1.475409522	-0.27405	0.29259	-1.48552	122.8000025	10.3943712	21.17666721
NM01	Grasslands	1.484640253	-0.25762	1.21317	-0.12968	301.7900036	14.34808392	23.30666701
NM01	Grasslands	1.525414095	-0.25762	1.21317	-0.12968	301.7900036	14.34808392	23.30666701
NM01	Grasslands	1.535682732	-0.25762	1.21317	-0.12968	301.7900036	14.34808392	23.30666701
NM01	Grasslands	1.569247051	-0.25762	1.21317	-0.12968	301.7900036	14.34808392	23.30666701
NM01	Grasslands	1.596913063	-0.25762	1.21317	-0.12968	301.7900036	14.34808392	23.30666701
NM01	Grasslands	1.626909147	-0.25762	1.21317	-0.12968	301.7900036	14.34808392	23.30666701
NM01	Grasslands	1.639341469	-0.25762	1.21317	-0.12968	301.7900036	14.34808392	23.30666701
NM01	Grasslands	1.645021683	-0.25762	1.21317	-0.12968	301.7900036	14.34808392	23.30666701
NM02	Grasslands	1.411004877	-0.28722	0.98969	-0.3458	301.3900066	13.69147293	23.13666706
NM02	Grasslands	1.472484055	-0.28722	0.98969	-0.3458	301.3900066	13.69147293	23.13666706
NM02	Grasslands	1.476185716	-0.28722	0.98969	-0.3458	301.3900066	13.69147293	23.13666706
NM02	Grasslands	1.480062693	-0.28722	0.98969	-0.3458	301.3900066	13.69147293	23.13666706
NM02	Grasslands	1.493169281	-0.28722	0.98969	-0.3458	301.3900066	13.69147293	23.13666706
NM02	Grasslands	1.512438593	-0.28722	0.98969	-0.3458	301.3900066	13.69147293	23.13666706
NM02	Grasslands	1.523202029	-0.28722	0.98969	-0.3458	301.3900066	13.69147293	23.13666706
NM02	Grasslands	1.540107239	-0.28722	0.98969	-0.3458	301.3900066	13.69147293	23.13666706
NM03	Grasslands	1.38544109	-0.49761	0.71513	0.45958	321.7600054	13.99769363	19.50666707
NM03	Grasslands	1.487588663	-0.49761	0.71513	0.45958	321.7600054	13.99769363	19.50666707
NM03	Grasslands	1.49872757	-0.49761	0.71513	0.45958	321.7600054	13.99769363	19.50666707
NM03	Grasslands	1.51330337	-0.49761	0.71513	0.45958	321.7600054	13.99769363	19.50666707
NM03	Grasslands	1.518128064	-0.49761	0.71513	0.45958	321.7600054	13.99769363	19.50666707
NM03	Grasslands	1.527331741	-0.49761	0.71513	0.45958	321.7600054	13.99769363	19.50666707
NM03	Grasslands	1.546466335	-0.49761	0.71513	0.45958	321.7600054	13.99769363	19.50666707
NM03	Grasslands	1.554775504	-0.49761	0.71513	0.45958	321.7600054	13.99769363	19.50666707
NM04	Grasslands	1.559283837	-0.65002	0.7236	0.47781	254.7000038	14.23995559	18.62333387
NM04	Grasslands	1.565089883	-0.65002	0.7236	0.47781	254.7000038	14.23995559	18.62333387
NM04	Grasslands	1.590269339	-0.65002	0.7236	0.47781	254.7000038	14.23995559	18.62333387
NM04	Grasslands	1.602804065	-0.65002	0.7236	0.47781	254.7000038	14.23995559	18.62333387
NM04	Grasslands	1.607344888	-0.65002	0.7236	0.47781	254.7000038	14.23995559	18.62333387
NM04	Grasslands	1.614595896	-0.65002	0.7236	0.47781	254.7000038	14.23995559	18.62333387
NM04	Grasslands	1.619869418	-0.65002	0.7236	0.47781	254.7000038	14.23995559	18.62333387
NM04	Grasslands	1.633887897	-0.65002	0.7236	0.47781	254.7000038	14.23995559	18.62333387
NM05	Grasslands	1.470565392	-0.67432	0.82836	0.28737	217.8400036	14.35563677	19.24333369
NM05	Grasslands	1.509280539	-0.67432	0.82836	0.28737	217.8400036	14.35563677	19.24333369
NM05	Grasslands	1.510260318	-0.67432	0.82836	0.28737	217.8400036	14.35563677	19.24333369
NM05	Grasslands	1.526262286	-0.67432	0.82836	0.28737	217.8400036	14.35563677	19.24333369
NM05	Grasslands	1.532818343	-0.67432	0.82836	0.28737	217.8400036	14.35563677	19.24333369
NM05	Grasslands	1.553947982	-0.67432	0.82836	0.28737	217.8400036	14.35563677	19.24333369
NM05	Grasslands	1.586490854	-0.67432	0.82836	0.28737	217.8400036	14.35563677	19.24333369
NM05	Grasslands	1.60145843	-0.67432	0.82836	0.28737	217.8400036	14.35563677	19.24333369
NM06	Grasslands	1.498587377	-0.63358	0.68343	0.33921	240.5900055	13.94672709	18.73000027
NM06	Grasslands	1.524426099	-0.63358	0.68343	0.33921	240.5900055	13.94672709	18.73000027
NM06	Grasslands	1.533888503	-0.63358	0.68343	0.33921	240.5900055	13.94672709	18.73000027
NM06	Grasslands	1.593430655	-0.63358	0.68343	0.33921	240.5900055	13.94672709	18.73000027
NM06	Grasslands	1.610080303	-0.63358	0.68343	0.33921	240.5900055	13.94672709	18.73000027
NM06	Grasslands	1.645982342	-0.63358	0.68343	0.33921	240.5900055	13.94672709	18.73000027
NM06	Grasslands	1.647611724	-0.63358	0.68343	0.33921	240.5900055	13.94672709	18.73000027
NM06	Grasslands	1.655595469	-0.63358	0.68343	0.33921	240.5900055	13.94672709	18.73000027
NM07	Grasslands	1.534370008	-0.66047	0.84683	0.31089	225.2000031	14.4377608	19.30333373
NM07	Grasslands	1.551387576	-0.66047	0.84683	0.31089	225.2000031	14.4377608	19.30333373
NM07	Grasslands	1.556880194	-0.66047	0.84683	0.31089	225.2000031	14.4377608	19.30333373
NM07	Grasslands	1.561055554	-0.66047	0.84683	0.31089	225.2000031	14.4377608	19.30333373
NM07	Grasslands	1.566315544	-0.66047	0.84683	0.31089	225.2000031	14.4377608	19.30333373
NM07	Grasslands	1.576268676	-0.66047	0.84683	0.31089	225.2000031	14.4377608	19.30333373
NM07	Grasslands	1.579468482	-0.66047	0.84683	0.31089	225.2000031	14.4377608	19.30333373
NM07	Grasslands	1.583395781	-0.66047	0.84683	0.31089	225.2000031	14.4377608	19.30333373
NM08	Grasslands	1.485534346	-0.7797	1.07984	0.25166	178.0100029	15.16156466	20.01666718
NM08	Grasslands	1.494347083	-0.7797	1.07984	0.25166	178.0100029	15.16156466	20.01666718
NM08	Grasslands	1.508607447	-0.7797	1.07984	0.25166	178.0100029	15.16156466	20.01666718
NM08	Grasslands	1.5096973	-0.7797	1.07984	0.25166	178.0100029	15.16156466	20.01666718
NM08	Grasslands	1.518526911	-0.7797	1.07984	0.25166	178.0100029	15.16156466	20.01666718
NM08	Grasslands	1.529901806	-0.7797	1.07984	0.25166	178.0100029	15.16156466	20.01666718
NM08	Grasslands	1.536005344	-0.7797	1.07984	0.25166	178.0100029	15.16156466	20.01666718
NM08	Grasslands	1.589486374	-0.7797	1.07984	0.25166	178.0100029	15.16156466	20.01666718
NM09	Grasslands	1.325882821	-0.67191	1.10689	-0.05194	176.2400026	14.7798049	21.18333371
NM09	Grasslands	1.369620941	-0.67191	1.10689	-0.05194	176.2400026	14.7798049	21.18333371
NM09	Grasslands	1.400462988	-0.67191	1.10689	-0.05194	176.2400026	14.7798049	21.18333371
NM09	Grasslands	1.4045576	-0.67191	1.10689	-0.05194	176.2400026	14.7798049	21.18333371
NM09	Grasslands	1.41390598	-0.67191	1.10689	-0.05194	176.2400026	14.7798049	21.18333371
NM09	Grasslands	1.440460409	-0.67191	1.10689	-0.05194	176.2400026	14.7798049	21.18333371
NM09	Grasslands	1.472054353	-0.67191	1.10689	-0.05194	176.2400026	14.7798049	21.18333371
NM09	Grasslands	1.494904728	-0.67191	1.10689	-0.05194	176.2400026	14.7798049	21.18333371
NM10	Grasslands	1.41379856	-0.67992	1.22404	-0.31016	148.590002	14.82734525	22.42000033
NM10	Grasslands	1.415863809	-0.67992	1.22404	-0.31016	148.590002	14.82734525	22.42000033
NM10	Grasslands	1.418524347	-0.67992	1.22404	-0.31016	148.590002	14.82734525	22.42000033
NM10	Grasslands	1.421284931	-0.67992	1.22404	-0.31016	148.590002	14.82734525	22.42000033
NM10	Grasslands	1.422895608	-0.67992	1.22404	-0.31016	148.590002	14.82734525	22.42000033
NM10	Grasslands	1.428883607	-0.67992	1.22404	-0.31016	148.590002	14.82734525	22.42000033
NM10	Grasslands	1.438170548	-0.67992	1.22404	-0.31016	148.590002	14.82734525	22.42000033
NM10	Grasslands	1.444843251	-0.67992	1.22404	-0.31016	148.590002	14.82734525	22.42000033
XZ01	Grasslands	1.252553149	-0.22927	-1.80375	0.58792	370.1000084	6.981130725	9.126666911
XZ01	Grasslands	1.271235278	-0.22927	-1.80375	0.58792	370.1000084	6.981130725	9.126666911
XZ01	Grasslands	1.360526082	-0.22927	-1.80375	0.58792	370.1000084	6.981130725	9.126666911
XZ01	Grasslands	1.371589271	-0.22927	-1.80375	0.58792	370.1000084	6.981130725	9.126666911
XZ01	Grasslands	1.391649287	-0.22927	-1.80375	0.58792	370.1000084	6.981130725	9.126666911
XZ01	Grasslands	1.406603759	-0.22927	-1.80375	0.58792	370.1000084	6.981130725	9.126666911
XZ01	Grasslands	1.411626272	-0.22927	-1.80375	0.58792	370.1000084	6.981130725	9.126666911
XZ01	Grasslands	1.566969106	-0.22927	-1.80375	0.58792	370.1000084	6.981130725	9.126666911
XZ02	Grasslands	1.293523833	-0.37955	-1.72655	0.87535	382.8800068	7.587821515	8.526666832
XZ02	Grasslands	1.451273696	-0.37955	-1.72655	0.87535	382.8800068	7.587821515	8.526666832
XZ02	Grasslands	1.457957169	-0.37955	-1.72655	0.87535	382.8800068	7.587821515	8.526666832
XZ02	Grasslands	1.498772289	-0.37955	-1.72655	0.87535	382.8800068	7.587821515	8.526666832
XZ02	Grasslands	1.499033	-0.37955	-1.72655	0.87535	382.8800068	7.587821515	8.526666832
XZ02	Grasslands	1.501711677	-0.37955	-1.72655	0.87535	382.8800068	7.587821515	8.526666832
XZ02	Grasslands	1.501861745	-0.37955	-1.72655	0.87535	382.8800068	7.587821515	8.526666832
XZ02	Grasslands	1.501984263	-0.37955	-1.72655	0.87535	382.8800068	7.587821515	8.526666832
XZ03	Grasslands	1.393906901	-0.69591	-1.76182	0.85362	317.1700047	8.084528701	7.606666851
XZ03	Grasslands	1.394968372	-0.69591	-1.76182	0.85362	317.1700047	8.084528701	7.606666851
XZ03	Grasslands	1.471534179	-0.69591	-1.76182	0.85362	317.1700047	8.084528701	7.606666851
XZ03	Grasslands	1.476871082	-0.69591	-1.76182	0.85362	317.1700047	8.084528701	7.606666851
XZ03	Grasslands	1.477352094	-0.69591	-1.76182	0.85362	317.1700047	8.084528701	7.606666851
XZ03	Grasslands	1.488439774	-0.69591	-1.76182	0.85362	317.1700047	8.084528701	7.606666851
XZ03	Grasslands	1.488742549	-0.69591	-1.76182	0.85362	317.1700047	8.084528701	7.606666851
XZ03	Grasslands	1.494224285	-0.69591	-1.76182	0.85362	317.1700047	8.084528701	7.606666851
XZ04	Grasslands	1.373252637	-0.66778	-1.76822	0.41652	281.840004	7.718632227	8.303333505
XZ04	Grasslands	1.380131884	-0.66778	-1.76822	0.41652	281.840004	7.718632227	8.303333505
XZ04	Grasslands	1.394098029	-0.66778	-1.76822	0.41652	281.840004	7.718632227	8.303333505
XZ04	Grasslands	1.397302405	-0.66778	-1.76822	0.41652	281.840004	7.718632227	8.303333505
XZ04	Grasslands	1.454611831	-0.66778	-1.76822	0.41652	281.840004	7.718632227	8.303333505
XZ04	Grasslands	1.462027074	-0.66778	-1.76822	0.41652	281.840004	7.718632227	8.303333505
XZ04	Grasslands	1.497428476	-0.66778	-1.76822	0.41652	281.840004	7.718632227	8.303333505
XZ04	Grasslands	1.510143339	-0.66778	-1.76822	0.41652	281.840004	7.718632227	8.303333505
XZ05	Grasslands	1.24087136	-0.63678	-1.65768	0.08403	265.8300028	7.745373356	9.400000175
XZ05	Grasslands	1.296432405	-0.63678	-1.65768	0.08403	265.8300028	7.745373356	9.400000175
XZ05	Grasslands	1.30186028	-0.63678	-1.65768	0.08403	265.8300028	7.745373356	9.400000175
XZ05	Grasslands	1.322931058	-0.63678	-1.65768	0.08403	265.8300028	7.745373356	9.400000175
XZ05	Grasslands	1.332041632	-0.63678	-1.65768	0.08403	265.8300028	7.745373356	9.400000175
XZ05	Grasslands	1.342002506	-0.63678	-1.65768	0.08403	265.8300028	7.745373356	9.400000175
XZ05	Grasslands	1.354396931	-0.63678	-1.65768	0.08403	265.8300028	7.745373356	9.400000175
XZ05	Grasslands	1.385735359	-0.63678	-1.65768	0.08403	265.8300028	7.745373356	9.400000175
XZ06	Grasslands	1.414213359	-0.79904	-1.67778	-0.09364	222.4100053	7.859734676	9.796666876
XZ06	Grasslands	1.420217903	-0.79904	-1.67778	-0.09364	222.4100053	7.859734676	9.796666876
XZ06	Grasslands	1.420796764	-0.79904	-1.67778	-0.09364	222.4100053	7.859734676	9.796666876
XZ06	Grasslands	1.421787325	-0.79904	-1.67778	-0.09364	222.4100053	7.859734676	9.796666876
XZ06	Grasslands	1.426408808	-0.79904	-1.67778	-0.09364	222.4100053	7.859734676	9.796666876
XZ06	Grasslands	1.4361741	-0.79904	-1.67778	-0.09364	222.4100053	7.859734676	9.796666876
XZ06	Grasslands	1.43874426	-0.79904	-1.67778	-0.09364	222.4100053	7.859734676	9.796666876
XZ06	Grasslands	1.440071829	-0.79904	-1.67778	-0.09364	222.4100053	7.859734676	9.796666876
XZ07	Grasslands	1.285154145	-1.11141	-1.70833	0.08171	113.5700013	8.33140859	7.836666822
XZ07	Grasslands	1.348056069	-1.11141	-1.70833	0.08171	113.5700013	8.33140859	7.836666822
XZ07	Grasslands	1.384620062	-1.11141	-1.70833	0.08171	113.5700013	8.33140859	7.836666822
XZ07	Grasslands	1.384700166	-1.11141	-1.70833	0.08171	113.5700013	8.33140859	7.836666822
XZ07	Grasslands	1.392302003	-1.11141	-1.70833	0.08171	113.5700013	8.33140859	7.836666822
XZ07	Grasslands	1.419123812	-1.11141	-1.70833	0.08171	113.5700013	8.33140859	7.836666822
XZ07	Grasslands	1.458220177	-1.11141	-1.70833	0.08171	113.5700013	8.33140859	7.836666822
XZ07	Grasslands	1.483577942	-1.11141	-1.70833	0.08171	113.5700013	8.33140859	7.836666822
XZ08	Grasslands	1.247796211	-1.18119	-1.33779	0.0277	61.74000077	9.177984145	8.470000188
XZ08	Grasslands	1.251541406	-1.18119	-1.33779	0.0277	61.74000077	9.177984145	8.470000188
XZ08	Grasslands	1.284167281	-1.18119	-1.33779	0.0277	61.74000077	9.177984145	8.470000188
XZ08	Grasslands	1.336053833	-1.18119	-1.33779	0.0277	61.74000077	9.177984145	8.470000188
XZ08	Grasslands	1.34803992	-1.18119	-1.33779	0.0277	61.74000077	9.177984145	8.470000188
XZ08	Grasslands	1.352707082	-1.18119	-1.33779	0.0277	61.74000077	9.177984145	8.470000188
XZ08	Grasslands	1.386497925	-1.18119	-1.33779	0.0277	61.74000077	9.177984145	8.470000188
XZ08	Grasslands	1.409387381	-1.18119	-1.33779	0.0277	61.74000077	9.177984145	8.470000188
XZ09	Grasslands	1.291310504	-1.2337	-1.20295	-0.13319	47.64000042	9.417438594	9.113333432
XZ09	Grasslands	1.315480829	-1.2337	-1.20295	-0.13319	47.64000042	9.417438594	9.113333432
XZ09	Grasslands	1.31861161	-1.2337	-1.20295	-0.13319	47.64000042	9.417438594	9.113333432
XZ09	Grasslands	1.320492118	-1.2337	-1.20295	-0.13319	47.64000042	9.417438594	9.113333432
XZ09	Grasslands	1.324412991	-1.2337	-1.20295	-0.13319	47.64000042	9.417438594	9.113333432
XZ09	Grasslands	1.325791515	-1.2337	-1.20295	-0.13319	47.64000042	9.417438594	9.113333432
XZ09	Grasslands	1.336170855	-1.2337	-1.20295	-0.13319	47.64000042	9.417438594	9.113333432
XZ09	Grasslands	1.337649678	-1.2337	-1.20295	-0.13319	47.64000042	9.417438594	9.113333432
